00000000000000000111111000000000
00000000000000011111111100000000
00000000000001111100001111000000
00000000000011110000000011100000
00000000000011000000000000110000
00000000000110000000000000011000
00000000001110000000000000001100
00000000011100000000000000001100
00000000111000000000000000001100
00000000110000000000000000001100
00000001110000000000000000001100
00000011100000000000000000011100
00000011000000000000000000011100
00000111000000000000000000001100
00001110000000000000000000011100
00001110000000000000000000011000
00001100000000000000000000011000
00001100000000000000000000111000
00011000000000000000000000111000
00011100000000000000000001110000
00011000000000000000000001100000
00011100000000000000000011100000
00111100000000000000000011000000
00011100000000000000000111000000
00011100000000000000001110000000
00011110000000000000011100000000
00011110000000000000111000000000
00001111000000000011110000000000
00001111100000000111100000000000
00000111111100001111000000000000
00000011111111111110000000000000
00000000111111110000000000000000
