00000000000000000000000000000000
00000000000000000000000000000000
00000000000000000000000000000000
00000000000000000001000000000000
00000000000000000010000000000000
00000000000000000100000000000000
00000000000000001000000000010000
00000000000000010000000000100000
00000000000000100000000001000000
00000000000001100000000011000000
00000000000001000000000010000000
00000000000010000000000110000000
00000000000100000000001100000000
00000000001100000000001100000000
00000000001000000000011000000000
00000000011000000000010000001000
00000000010000000000110111111100
00000000110000000011111110000000
00000000111111111111100000000000
00000000011111110011000000000000
00000000000000000010000000000000
00000000000000000100000000000000
00000000000000001100000000000000
00000000000000001000000000000000
00000000000000011000000000000000
00000000000000110000000000000000
00000000000000110000000000000000
00000000000001100000000000000000
00000000000001000000000000000000
00000000000011000000000000000000
00000000000010000000000000000000
00000000000010000000000000000000
