00000000000000000000000000000000
00000000000000011111000000000000
00000000000001111111111100000000
00000000000011100000001111000000
00000000000111000000000011100000
00000000001111000000000001110000
00000000001111000000000000111000
00000000001110000000000000111000
00000000001110000000000000111000
00000000001110000000000001111000
00000000001110000000000011111000
00000000000111000000000111100000
00000000000111100000011110000000
00000000000011110000111000000000
00000000000011110001110000000000
00000000000000111111100000000000
00000000000000111111000000000000
00000000000000111111100000000000
00000000000001111111110000000000
00000000000011100011111000000000
00000000001111000011111000000000
00000000011100000001111000000000
00000001111000000000111100000000
00000011110000000000011110000000
00000111100000000000001100000000
00000111000000000000001110000000
00001110000000000000011100000000
00001110000000000000011100000000
00001111100000000000111000000000
00000111111111111111110000000000
00000000011111111111000000000000
00000000000000000000000000000000
