00000000000000000000000000000000
00000000000000111111100000000000
00000000000001111111111100000000
00000000000001110000001111000000
00000000000011100000000111000000
00000000000111000000000011100000
00000000001111000000000011100000
00000000001110000000000011100000
00000000011110000000000001100000
00000000011100000000000001110000
00000000111000000000000001110000
00000000111000000000000001110000
00000001110000000000000001110000
00000001110000000000000001110000
00000001110000000000000001110000
00000011100000000000000001110000
00000011100000000000000011110000
00000011100000000000000011110000
00000011100000000000000011110000
00000011100000000000000111100000
00000011100000000000000111100000
00000011110000000000000111000000
00000001110000000000001110000000
00000001110000000000011110000000
00000001110000000000011100000000
00000000111000000000111100000000
00000000111100000011111000000000
00000000011111000111110000000000
00000000011111101111100000000000
00000000000111111110000000000000
00000000000011111100000000000000
00000000000000000000000000000000
