00000000000000000000000000000000
00000000000001110000000000000000
00000000000011110000000000000000
00000000000111100000000000000000
00000000000111000000000000000000
00000000001110000000000000000000
00000000011110000000000000000000
00000000011100000000000000110000
00000000111000000000000001110000
00000001111000000000000011110000
00000011110000000000000111100000
00000011100000000000000111000000
00000111000000000000001110000000
00000111000000000000011100000000
00001110000000000000111100000000
00011100000000001111111110000000
00111111111111111111111110000000
00111111111111111111110000000000
00000100110000000111000000000000
00000000000000001111000000000000
00000000000000001110000000000000
00000000000000011100000000000000
00000000000000111000000000000000
00000000000001111000000000000000
00000000000001110000000000000000
00000000000011100000000000000000
00000000000111100000000000000000
00000000001111000000000000000000
00000000001110000000000000000000
00000000011110000000000000000000
00000000111100000000000000000000
00000000000000000000000000000000
