00000000000000000000000000000000
00000000000000000000011100000000
00000000000000000001111000000000
00000000000000000011100000000000
00000000000000001111000000000000
00000000000000011110000000000000
00000000000000111000000000010000
00000000000001110000000000111000
00000000000011100000000001110000
00000000000111100000000111100000
00000000000111000000001111000000
00000000000111000000011110000000
00000000000111000000111100000000
00000000000111100001111000000000
00000000000111100011100000000000
00000000000111100111000000000000
00000000000011111110000000000000
00000000000001111100000000000000
00000000000000111100000000000000
00000000000011111110000000000000
00000000000011101111000000000000
00000000001111000111000000000000
00000000011110000011100000000000
00000000011100000011100000000000
00000000111100000001100000000000
00000001111000000001110000000000
00000001110000000001110000000000
00000011100000000011110000000000
00000011100000001111100000000000
00000111100111111111000000000000
00000111111111111000000000000000
00000011000000000000000000000000
